wp = [0.35, 0, 0.1;
    0.25, 0.01, 0.1;
    0.25, 0.11, 0.1;
    0.15, 0.11, 0.1;
    0.15, 0.01, 0.1;
    0.25, 0.01, 0.1]';

time = [0 0.5 1.5 2.5 3.5 4.5];

vel = zeros(3,6);